0.000000, 0.000000
-11.486026, -3.441049
-11.532178, -2.871251
-11.691859, -2.585738
-11.570393, -2.299479
-11.725618, -2.013030
-11.600407, -1.726079
-11.751150, -1.438911
-11.622006, -1.151428
-11.768276, -0.863764
-11.635029, -0.575928
-11.776870, -0.287991
-11.639381, 0.000000
-11.776870, 0.287991
-11.635029, 0.575928
-11.768276, 0.863764
-11.622006, 1.151428
-11.751150, 1.438911
-11.600407, 1.726079
-11.725618, 2.013030
-11.570393, 2.299479
-11.691859, 2.585738
-11.532178, 2.871251
-11.486026, 3.441049
-10.912131, -4.852112
-11.088003, -4.571935
-10.978738, -4.289348
-11.150364, -4.007465
-11.038084, -3.723749
-11.089778, -3.155572
-11.133462, -2.585118
-11.168818, -2.012733
-11.195582, -1.438801
-11.213543, -0.863740
-11.222560, -0.287990
-11.222560, 0.287990
-11.213543, 0.863740
-11.195582, 1.438801
-11.168818, 2.012733
-11.133462, 2.585118
-11.089778, 3.155572
-11.038084, 3.723749
-11.150364, 4.007465
-10.978738, 4.289348
-11.088003, 4.571935
-10.912131, 4.852112
-10.369495, -5.685628
-10.552871, -5.409041
-10.448537, -5.128672
-10.520838, -4.568411
-10.585941, -4.005028
-10.643408, -3.438760
-10.692825, -2.869894
-10.733818, -2.298770
-10.766062, -1.725775
-10.789292, -1.151337
-10.803311, -0.575917
-10.807997, 0.000000
-10.803311, 0.575917
-10.789292, 1.151337
-10.766062, 1.725775
-10.733818, 2.298770
-10.692825, 2.869894
-10.643408, 3.438760
-10.585941, 4.005028
-10.520838, 4.568411
-10.448537, 5.128672
-10.552871, 5.409041
-10.369495, 5.685628
-9.708204, -7.053423
-9.804604, -6.506930
-9.995336, -6.234650
-9.895405, -5.956725
-9.980116, -5.402859
-10.058240, -4.845431
-10.129277, -4.284593
-10.192736, -3.720555
-10.248147, -3.153582
-10.295073, -2.584002
-10.333124, -2.012198
-10.361970, -1.438604
-10.381350, -0.863697
-10.391086, -0.287989
-10.391086, 0.287989
-10.381350, 0.863697
-10.361970, 1.438604
-10.333124, 2.012198
-10.295073, 2.584002
-10.248147, 3.153582
-10.192736, 3.720555
-10.129277, 4.284593
-10.058240, 4.845431
-9.980116, 5.402859
-9.895405, 5.956725
-9.995336, 6.234650
-9.804604, 6.506930
-9.708204, 7.053423
-9.218247, -7.313981
-9.416015, -7.046663
-9.319876, -6.771286
-9.514151, -6.501394
-9.416163, -6.224715
-9.606689, -5.952304
-9.506595, -5.674280
-9.590642, -5.120037
-9.667762, -4.562102
-9.737413, -4.000648
-9.799067, -3.435912
-9.852220, -2.868200
-9.896410, -2.297883
-9.931234, -1.725394
-9.956359, -1.151222
-9.971536, -0.575902
-9.976613, 0.000000
-9.971536, 0.575902
-9.956359, 1.151222
-9.931234, 1.725394
-9.896410, 2.297883
-9.852220, 2.868200
-9.799067, 3.435912
-9.737413, 4.000648
-9.667762, 4.562102
-9.590642, 5.120037
-9.506595, 5.674280
-9.606689, 5.952304
-9.416163, 6.224715
-9.514151, 6.501394
-9.319876, 6.771286
-9.416015, 7.046663
-9.218247, 7.313981
-8.611704, -8.105020
-8.816031, -7.843213
-8.723030, -7.570360
-8.924259, -7.305833
-8.829810, -7.031760
-9.027675, -6.764517
-8.931548, -6.489149
-9.125771, -6.219221
-9.027711, -5.942494
-9.218014, -5.669941
-9.117741, -5.391808
-9.201060, -4.837158
-9.277076, -4.278676
-9.345201, -3.716559
-9.404865, -3.151083
-9.455528, -2.582595
-9.496704, -2.011521
-9.527977, -1.438353
-9.549017, -0.863642
-9.559595, -0.287987
-9.559595, 0.287987
-9.549017, 0.863642
-9.527977, 1.438353
-9.496704, 2.011521
-9.455528, 2.582595
-9.404865, 3.151083
-9.345201, 3.716559
-9.277076, 4.278676
-9.201060, 4.837158
-9.117741, 5.391808
-9.218014, 5.669941
-9.027711, 5.942494
-9.125771, 6.219221
-8.931548, 6.489149
-9.027675, 6.764517
-8.829810, 7.031760
-8.924259, 7.305833
-8.723030, 7.570360
-8.816031, 7.843213
-8.611704, 8.105020
-7.986667, -8.878668
-8.196949, -8.622785
-8.314046, -8.093642
-8.427131, -7.560599
-8.334260, -7.287860
-8.535731, -7.023538
-8.441364, -6.749532
-8.639333, -6.482370
-8.543219, -6.207012
-8.737386, -5.937044
-8.639247, -5.660265
-8.829305, -5.387557
-8.728837, -5.109306
-8.811353, -4.554214
-8.886150, -3.995139
-8.952588, -3.432311
-9.010048, -2.866048
-9.057954, -2.296751
-9.095796, -1.724906
-9.123148, -1.151075
-9.139691, -0.575884
-9.145228, 0.000000
-9.139691, 0.575884
-9.123148, 1.151075
-9.095796, 1.724906
-9.057954, 2.296751
-9.010048, 2.866048
-8.952588, 3.432311
-8.886150, 3.995139
-8.811353, 4.554214
-8.728837, 5.109306
-8.829305, 5.387557
-8.639247, 5.660265
-8.737386, 5.937044
-8.543219, 6.207012
-8.639333, 6.482370
-8.441364, 6.749532
-8.535731, 7.023538
-8.334260, 7.287860
-8.427131, 7.560599
-8.222449, 7.822079
-8.106432, 8.352302
-7.986667, 8.878668
-7.472029, -9.115919
-7.685343, -8.863470
-7.806771, -8.338916
-7.924540, -7.810459
-8.038182, -7.277941
-8.147185, -6.741229
-8.052907, -6.467294
-8.250990, -6.200222
-8.154891, -5.924875
-8.348995, -5.654864
-8.250771, -5.378028
-8.440559, -5.105150
-8.339873, -4.826771
-8.421502, -4.271195
-8.494948, -3.711477
-8.559510, -3.147885
-8.614519, -2.580787
-8.659359, -2.010647
-8.693496, -1.438028
-8.716504, -0.863571
-8.728085, -0.287984
-8.728085, 0.287984
-8.716504, 0.863571
-8.693496, 1.438028
-8.659359, 2.010647
-8.614519, 2.580787
-8.559510, 3.147885
-8.494948, 3.711477
-8.421502, 4.271195
-8.339873, 4.826771
-8.440559, 5.105150
-8.250771, 5.378028
-8.348995, 5.654864
-8.154891, 5.924875
-8.250990, 6.200222
-8.052907, 6.467294
-8.147185, 6.741229
-7.945451, 7.005327
-7.833116, 7.539064
-7.716446, 8.068635
-7.595934, 8.594195
-7.472029, 9.115919
-6.822009, -9.860517
-7.040276, -9.614453
-7.168687, -9.098325
-7.294210, -8.578538
-7.416442, -8.054886
-7.534933, -7.527177
-7.649178, -6.995233
-7.758619, -6.458903
-7.664437, -6.185047
-7.862646, -5.918073
-7.766563, -5.642738
-7.960598, -5.372679
-7.862279, -5.095780
-8.051770, -4.822717
-7.950842, -4.544195
-8.031483, -3.988092
-8.103422, -3.427675
-8.165889, -2.863260
-8.218157, -2.295277
-8.259570, -1.724268
-8.289576, -1.150883
-8.307755, -0.575859
-8.313844, 0.000000
-8.307755, 0.575859
-8.289576, 1.150883
-8.259570, 1.724268
-8.218157, 2.295277
-8.165889, 2.863260
-8.103422, 3.427675
-8.031483, 3.988092
-7.950842, 4.544195
-8.051770, 4.822717
-7.862279, 5.095780
-7.960598, 5.372679
-7.766563, 5.642738
-7.862646, 5.918073
-7.664437, 6.185047
-7.758619, 6.458903
-7.556598, 6.722754
-7.443695, 7.255964
-7.326320, 7.784821
-7.205009, 8.309503
-7.080244, 8.830206
-6.952451, 9.347140
-6.822009, 9.860517
-6.294361, -10.080487
-6.515199, -9.838221
-6.647075, -9.326886
-6.776417, -8.812002
-6.902849, -8.293339
-7.025943, -7.770671
-7.145212, -7.243780
-7.260110, -6.712466
-7.370030, -6.176558
-7.275953, -5.902789
-7.474300, -5.635923
-7.378235, -5.360602
-7.572194, -5.090489
-7.473768, -4.813521
-7.561731, -4.261575
-7.641269, -3.704890
-7.711516, -3.143712
-7.771628, -2.578411
-7.820814, -2.009493
-7.858379, -1.437597
-7.883756, -0.863476
-7.896548, -0.287981
-7.896548, 0.287981
-7.883756, 0.863476
-7.858379, 1.437597
-7.820814, 2.009493
-7.771628, 2.578411
-7.711516, 3.143712
-7.641269, 3.704890
-7.561731, 4.261575
-7.473768, 4.813521
-7.572194, 5.090489
-7.378235, 5.360602
-7.474300, 5.635923
-7.275953, 5.902789
-7.370030, 6.176558
-7.167694, 6.440137
-7.054173, 6.972765
-6.936036, 7.500840
-6.813868, 8.024562
-6.688187, 8.544154
-6.559449, 9.059847
-6.428057, 9.571880
-6.294361, 10.080487
-5.762382, -10.293520
-5.985619, -10.055186
-6.120654, -9.548696
-6.253508, -9.038807
-6.383835, -8.525271
-6.511235, -8.007835
-6.635251, -7.486243
-6.755360, -6.960252
-6.870970, -6.429633
-6.981413, -5.894190
-6.887452, -5.620516
-7.085953, -5.353772
-6.989907, -5.078465
-7.183781, -4.808294
-7.085237, -4.531248
-7.172527, -3.978901
-7.250822, -3.421577
-7.319159, -2.859565
-7.376607, -2.293310
-7.422308, -1.723412
-7.455526, -1.150623
-7.475696, -0.575827
-7.482459, 0.000000
-7.475696, 0.575827
-7.455526, 1.150623
-7.422308, 1.723412
-7.376607, 2.293310
-7.319159, 2.859565
-7.250822, 3.421577
-7.172527, 3.978901
-7.085237, 4.531248
-7.183781, 4.808294
-6.989907, 5.078465
-7.085953, 5.353772
-6.887452, 5.620516
-6.981413, 5.894190
-6.778732, 6.157467
-6.664535, 6.689452
-6.545574, 7.216665
-6.422484, 7.739335
-6.295825, 8.257711
-6.166087, 8.772057
-6.033696, 9.282635
-5.899022, 9.789706
-5.762382, 10.293520
-5.226321, -10.499255
-5.451763, -10.264964
-5.589632, -9.763320
-5.725660, -9.258467
-5.859538, -8.750144
-5.990903, -8.238075
-6.119334, -7.721978
-6.244341, -7.201569
-6.365360, -6.676570
-6.481745, -6.146721
-6.592765, -5.611795
-6.498932, -5.338228
-6.697603, -5.071619
-6.601579, -4.796328
-6.795358, -4.526092
-6.696681, -4.248960
-6.783211, -3.696166
-6.860097, -3.138132
-6.926262, -2.575208
-6.980676, -2.007927
-7.022407, -1.437009
-7.050690, -0.863346
-7.064975, -0.287976
-7.064975, 0.287976
-7.050690, 0.863346
-7.022407, 1.437009
-6.980676, 2.007927
-6.926262, 2.575208
-6.860097, 3.138132
-6.783211, 3.696166
-6.696681, 4.248960
-6.795358, 4.526092
-6.601579, 4.796328
-6.697603, 5.071619
-6.498932, 5.338228
-6.592765, 5.611795
-6.389702, 5.874735
-6.274765, 6.406007
-6.154908, 6.932266
-6.030824, 7.453775
-5.903121, 7.970820
-5.772323, 8.483695
-5.638885, 8.992696
-5.503193, 9.498109
-5.365578, 10.000209
-5.226321, 10.499255
-4.772257, -10.961312
-4.913905, -10.467203
-5.054266, -9.970356
-5.193111, -9.470522
-5.330169, -8.967436
-5.465118, -8.460809
-5.597581, -7.950339
-5.727110, -7.435712
-5.853182, -6.916607
-5.975189, -6.392708
-6.092424, -5.863717
-6.204081, -5.329369
-6.110389, -5.055922
-6.309250, -4.789464
-6.213251, -4.514191
-6.406923, -4.243882
-6.308096, -3.966652
-6.393761, -3.413358
-6.469036, -2.854534
-6.532711, -2.290608
-6.583641, -1.722227
-6.620823, -1.150262
-6.643469, -0.575781
-6.651075, 0.000000
-6.643469, 0.575781
-6.620823, 1.150262
-6.583641, 1.722227
-6.532711, 2.290608
-6.469036, 2.854534
-6.393761, 3.413358
-6.308096, 3.966652
-6.406923, 4.243882
-6.213251, 4.514191
-6.309250, 4.789464
-6.110389, 5.055922
-6.204081, 5.329369
-6.000593, 5.591930
-5.884842, 6.122404
-5.764008, 6.647602
-5.638851, 7.167828
-5.510031, 7.683408
-5.378113, 8.194675
-5.243575, 8.701961
-5.106825, 9.205582
-4.968206, 9.705840
-4.828006, 10.203017
-4.686470, 10.697373
-4.228834, -11.151258
-4.372365, -10.661596
-4.514873, -10.169441
-4.656164, -9.674551
-4.796008, -9.176661
-4.934130, -8.675481
-5.070198, -8.170697
-5.203817, -7.661977
-5.334516, -7.148967
-5.461737, -6.631307
-5.584818, -6.108634
-5.702988, -5.580602
-5.815353, -5.046907
-5.721819, -4.773593
-5.920895, -4.507306
-5.824922, -4.232054
-6.018474, -3.961663
-5.919474, -3.684322
-6.004149, -3.130463
-6.077566, -2.570756
-6.138359, -2.005728
-6.185256, -1.436177
-6.217182, -0.863162
-6.233352, -0.287969
-6.233352, 0.287969
-6.217182, 0.863162
-6.185256, 1.436177
-6.138359, 2.005728
-6.077566, 2.570756
-6.004149, 3.130463
-5.919474, 3.684322
-6.018474, 3.961663
-5.824922, 4.232054
-5.920895, 4.507306
-5.721819, 4.773593
-5.815353, 5.046907
-5.611391, 5.309039
-5.494740, 5.838616
-5.372837, 6.362627
-5.246521, 6.881426
-5.116507, 7.395388
-4.983401, 7.904892
-4.847713, 8.410308
-4.709867, 8.911989
-4.570218, 9.410266
-4.429061, 9.905444
-4.286641, 10.397803
-4.143162, 10.887599
-3.682404, -11.333274
-3.827503, -10.847886
-3.971813, -10.360265
-4.115178, -9.870183
-4.257406, -9.377382
-4.398268, -8.881578
-4.537485, -8.382459
-4.674718, -7.879684
-4.809556, -7.372881
-4.941503, -6.861658
-5.069961, -6.345604
-5.194216, -5.824305
-5.313418, -5.297357
-5.426574, -4.764399
-5.333216, -4.491236
-5.532535, -4.225146
-5.436594, -3.949917
-5.630007, -3.679432
-5.530808, -3.401964
-5.614334, -2.847463
-5.685588, -2.286763
-5.743013, -1.720524
-5.785197, -1.149739
-5.811003, -0.575714
-5.819691, 0.000000
-5.811003, 0.575714
-5.785197, 1.149739
-5.743013, 1.720524
-5.685588, 2.286763
-5.614334, 2.847463
-5.530808, 3.401964
-5.630007, 3.679432
-5.436594, 3.949917
-5.532535, 4.225146
-5.333216, 4.491236
-5.426574, 4.764399
-5.222078, 5.026043
-5.104428, 5.554603
-4.981352, 6.077280
-4.853779, 6.594485
-4.722488, 7.106652
-4.588128, 7.614216
-4.451238, 8.117591
-4.312261, 8.617169
-4.171562, 9.113313
-4.029438, 9.606354
-3.886136, 10.096591
-3.741857, 10.584295
-3.596767, 11.069710
-3.133347, -11.507204
-3.279712, -11.025874
-3.425492, -10.542581
-3.570563, -10.057111
-3.714774, -9.569224
-3.857940, -9.078651
-3.999833, -8.585088
-4.140172, -8.088200
-4.278612, -7.587613
-4.414731, -7.082920
-4.548006, -6.573678
-4.677801, -6.059421
-4.803340, -5.539669
-4.923688, -5.013951
-5.037732, -4.481836
-4.944574, -4.208846
-5.144171, -3.942982
-5.048266, -3.667780
-5.241519, -3.397187
-5.142087, -3.119573
-5.224268, -2.564336
-5.292971, -2.002514
-5.346413, -1.434947
-5.383031, -0.862888
-5.401655, -0.287958
-5.401655, 0.287958
-5.383031, 0.862888
-5.346413, 1.434947
-5.292971, 2.002514
-5.224268, 2.564336
-5.142087, 3.119573
-5.241519, 3.397187
-5.048266, 3.667780
-5.144171, 3.942982
-4.944574, 4.208846
-5.037732, 4.481836
-4.832631, 4.742918
-4.713866, 5.270320
-4.589501, 5.791484
-4.460564, 6.306898
-4.327906, 6.817069
-4.192224, 7.322490
-4.054084, 7.823631
-3.913945, 8.320927
-3.772181, 8.814775
-3.629090, 9.305531
-3.484916, 9.793516
-3.339855, 10.279016
-3.194067, 10.762283
-3.047681, 11.243542
-2.582061, -11.672950
-2.729411, -11.195424
-2.876347, -10.716204
-3.022775, -10.235098
-3.168580, -9.751887
-3.313619, -9.266322
-3.457712, -8.778122
-3.600638, -8.286966
-3.742118, -7.792493
-3.881806, -7.294298
-4.019266, -6.791929
-4.153953, -6.284892
-4.285191, -5.772654
-4.412139, -5.254658
-4.533764, -4.730347
-4.648814, -4.199206
-4.555883, -3.926415
-4.755801, -3.660813
-4.659938, -3.385643
-4.853004, -3.114924
-4.753298, -2.837140
-4.833881, -2.281051
-4.899533, -1.717956
-4.948205, -1.148941
-4.978180, -0.575611
-4.988306, 0.000000
-4.978180, 0.575611
-4.948205, 1.148941
-4.899533, 1.717956
-4.833881, 2.281051
-4.753298, 2.837140
-4.853004, 3.114924
-4.659938, 3.385643
-4.755801, 3.660813
-4.555883, 3.926415
-4.648814, 4.199206
-4.443023, 4.459635
-4.323006, 4.985702
-4.197216, 5.505141
-4.066799, 6.018533
-3.932681, 6.526471
-3.795608, 7.029520
-3.656174, 7.528213
-3.514853, 8.023030
-3.372018, 8.514405
-3.227969, 9.002723
-3.082943, 9.488322
-2.937129, 9.971503
-2.790677, 10.452527
-2.643710, 10.931624
-2.496324, 11.408995
-1.943125, -11.566031
-2.177035, -11.356466
-2.324838, -10.881026
-2.472299, -10.403987
-2.619333, -9.925155
-2.765834, -9.444308
-2.911668, -8.961193
-3.056668, -8.475517
-3.200619, -7.986942
-3.343249, -7.495084
-3.484214, -6.999504
-3.623071, -6.499704
-3.759257, -5.995131
-3.892053, -5.485173
-4.020549, -4.969183
-4.143604, -4.446498
-4.259801, -3.916490
-4.367424, -3.378640
-4.271610, -3.103506
-4.464454, -2.832640
-4.364418, -2.554653
-4.443075, -1.997569
-4.505024, -1.433024
-4.547898, -0.862453
-4.569846, -0.287942
-4.569846, 0.287942
-4.547898, 0.862453
-4.505024, 1.433024
-4.443075, 1.997569
-4.364418, 2.554653
-4.464454, 2.832640
-4.271610, 3.103506
-4.367424, 3.378640
-4.167130, 3.643930
-4.053216, 4.176151
-3.931785, 4.700667
-3.804418, 5.218123
-3.672393, 5.729217
-3.536720, 6.234646
-3.398192, 6.735064
-3.257429, 7.231069
-3.114912, 7.723194
-2.971016, 8.211910
-2.826031, 8.697629
-2.680186, 9.180708
-2.533658, 9.661458
-2.386589, 10.140148
-2.239088, 10.617009
-2.091244, 11.092245
-1.943125, 11.566031
-1.388514, -11.714676
-1.623025, -11.508996
-1.771440, -11.037010
-1.919642, -10.563701
-2.067573, -10.088902
-2.215158, -9.612423
-2.362303, -9.134042
-2.508888, -8.653501
-2.654756, -8.170500
-2.799709, -7.684688
-2.943484, -7.195659
-3.085744, -6.702939
-3.226045, -6.205984
-3.363811, -5.704172
-3.498286, -5.196806
-3.628489, -4.683126
-3.753153, -4.162336
-3.870670, -3.633664
-3.979038, -3.096459
-3.883282, -2.821369
-4.075860, -2.550327
-3.975421, -2.272098
-4.051711, -1.713837
-4.109079, -1.147638
-4.144788, -0.575441
-4.156922, 0.000000
-4.144788, 0.575441
-4.109079, 1.147638
-4.051711, 1.713837
-3.975421, 2.272098
-4.075860, 2.550327
-3.883282, 2.821369
-3.979038, 3.096459
-3.778299, 3.361377
-3.663160, 3.892410
-3.540122, 4.415103
-3.411005, 4.930258
-3.277234, 5.438725
-3.139911, 5.941326
-2.999874, 6.438816
-2.857761, 6.931869
-2.714053, 7.421072
-2.569119, 7.906935
-2.423237, 8.389894
-2.276622, 8.870321
-2.129436, 9.348535
-1.981807, 9.824807
-1.833831, 10.299372
-1.685587, 10.772428
-1.537132, 11.244146
-1.388514, 11.714676
-0.832917, -11.855018
-1.067823, -11.653075
-1.216629, -11.184195
-1.365318, -10.714248
-1.513853, -10.243098
-1.662187, -9.770585
-1.810256, -9.296525
-1.957979, -8.820698
-2.105252, -8.342848
-2.251935, -7.862671
-2.397844, -7.379806
-2.542738, -6.893829
-2.686292, -6.404236
-2.828071, -5.910433
-2.967492, -5.411727
-3.103770, -4.907322
-3.235853, -4.396323
-3.362338, -3.877768
-3.481385, -3.350695
-3.590640, -2.814268
-3.494953, -2.539232
-3.687205, -2.267976
-3.586263, -1.989451
-3.659579, -1.429783
-3.711154, -0.861706
-3.737848, -0.287913
-3.737848, 0.287913
-3.711154, 0.861706
-3.659579, 1.429783
-3.586263, 1.989451
-3.687205, 2.267976
-3.494953, 2.539232
-3.590640, 2.814268
-3.389366, 3.078733
-3.272787, 3.608333
-3.147912, 4.128856
-3.016848, 4.641317
-2.881191, 5.146760
-2.742131, 5.646160
-2.600545, 6.140388
-2.457078, 6.630201
-2.312207, 7.116242
-2.166282, 7.599054
-2.019562, 8.079094
-1.872243, 8.556746
-1.724470, 9.032331
-1.576352, 9.506120
-1.427973, 9.978341
-1.279397, 10.449189
-1.130672, 10.918827
-0.981836, 11.387396
-0.832917, 11.855018
-0.276745, -11.987202
-0.511855, -11.788825
-0.660869, -11.322687
-0.809834, -10.855716
-0.958729, -10.387802
-1.107525, -9.918820
-1.256183, -9.448619
-1.404656, -8.977023
-1.552875, -8.503821
-1.700754, -8.028763
-1.848174, -7.551547
-1.994973, -7.071809
-2.140933, -6.589113
-2.285753, -6.102928
-2.429018, -5.612617
-2.570152, -5.117413
-2.708353, -4.616408
-2.842504, -4.108549
-2.971057, -3.592662
-3.091900, -3.067532
-3.202225, -2.532065
-3.106625, -2.257095
-3.196881, -1.706679
-3.266356, -1.145304
-3.310411, -0.575131
-3.325538, 0.000000
-3.310411, 0.575131
-3.266356, 1.145304
-3.196881, 1.706679
-3.106625, 2.257095
-3.202225, 2.532065
-3.000296, 2.795965
-2.882004, 3.323801
-2.755016, 3.841704
-2.621788, 4.350980
-2.484103, 4.852920
-2.343235, 5.348687
-2.200086, 5.839283
-2.055295, 6.325548
-1.909316, 6.808180
-1.762473, 7.287749
-1.615000, 7.764726
-1.467065, 8.239498
-1.318792, 8.712381
-1.170273, 9.183641
-1.021573, 9.653496
-0.872743, 10.122130
-0.723820, 10.589697
-0.574833, 11.056327
-0.425803, 11.522131
-0.276745, 11.987202
0.044470, -11.916427
-0.104610, -11.452662
-0.253683, -10.988269
-0.402740, -10.523165
-0.551765, -10.057254
-0.700739, -9.590420
-0.849636, -9.122528
-0.998417, -8.653413
-1.147034, -8.182879
-1.295416, -7.710687
-1.443469, -7.236546
-1.591059, -6.760098
-1.737999, -6.280904
-1.884021, -5.798419
-2.028744, -5.311967
-2.171619, -4.820712
-2.311847, -4.323629
-2.448262, -3.819478
-2.579171, -3.306823
-2.702144, -2.784101
-2.813788, -2.249844
-2.718297, -1.974958
-2.807167, -1.423732
-2.871506, -0.860262
-2.905501, -0.287857
-2.905501, 0.287857
-2.871506, 0.860262
-2.807167, 1.423732
-2.718297, 1.974958
-2.813788, 2.249844
-2.611039, 2.513021
-2.490676, 3.038640
-2.361244, 3.553326
-2.225619, 4.058795
-2.085781, 4.556656
-1.943068, 5.048295
-1.798383, 5.534855
-1.652337, 6.017257
-1.505345, 6.496240
-1.357692, 6.972394
-1.209576, 7.446189
-1.061137, 7.918004
-0.912471, 8.388146
-0.763650, 8.856864
-0.614722, 9.324361
-0.465725, 9.790807
-0.316683, 10.256340
-0.167617, 10.721078
-0.018539, 11.185118
0.130540, 11.648543
0.686795, -11.766882
0.451728, -11.574348
0.302672, -11.112137
0.153602, -10.649413
0.004524, -10.186107
-0.144554, -9.722135
-0.293621, -9.257396
-0.442658, -8.791772
-0.591644, -8.325116
-0.740542, -7.857251
-0.889304, -7.387959
-1.037860, -6.916968
-1.186107, -6.443939
-1.333897, -5.968444
-1.481007, -5.489938
-1.627109, -5.007726
-1.771701, -4.520915
-1.914021, -4.028365
-2.052889, -3.528633
-2.186483, -3.019949
-2.312012, -2.500280
-2.425318, -1.967596
-2.329969, -1.692822
-2.416941, -1.140526
-2.474103, -0.574471
-2.494153, 0.000000
-2.474103, 0.574471
-2.416941, 1.140526
-2.329969, 1.692822
-2.425318, 1.967596
-2.221512, 2.229817
-2.098608, 2.752570
-1.966341, 3.263235
-1.828087, 3.764106
-1.686009, 4.257203
-1.541471, 4.744161
-1.395339, 5.226264
-1.248162, 5.704497
-1.100299, 6.179623
-0.951982, 6.652227
-0.803367, 7.122766
-0.654557, 7.591598
-0.505623, 8.059004
-0.356613, 8.525211
-0.207559, 8.990402
-0.058485, 9.454723
0.090595, 9.918296
0.239668, 10.381221
0.388729, 10.843583
0.537772, 11.305450
0.686795, 11.766882
1.242599, -11.877439
1.007757, -11.688029
0.858802, -11.227611
0.709820, -10.766845
0.560813, -10.305682
0.411781, -9.844066
0.262727, -9.381928
0.113657, -8.919186
-0.035422, -8.455740
-0.184497, -7.991468
-0.333548, -7.526217
-0.482547, -7.059798
-0.631448, -6.591970
-0.780182, -6.122427
-0.928643, -5.650772
-1.076667, -5.176484
-1.223991, -4.698877
-1.370197, -4.217032
-1.514600, -3.729717
-1.656069, -3.235280
-1.792704, -2.731558
-1.921336, -2.215867
-2.036796, -1.685307
-1.941641, -1.410685
-2.025855, -0.856919
-2.072394, -0.287721
-2.072394, 0.287721
-2.025855, 0.856919
-1.941641, 1.410685
-2.036796, 1.685307
-1.831580, 1.946205
-1.705502, 2.465129
-1.569956, 2.970663
-1.428880, 3.465934
-1.284560, 3.953468
-1.138311, 4.435160
-0.990903, 4.912404
-0.842793, 5.386214
-0.694257, 5.857338
-0.545464, 6.326331
-0.396521, 6.793612
-0.247496, 7.259500
-0.098430, 7.724242
0.050649, 8.188030
0.199724, 8.651018
0.348783, 9.113328
0.497820, 9.575060
0.646832, 10.036295
0.795816, 10.497099
0.944772, 10.957527
1.093699, 11.417628
1.242599, 11.877439
1.563126, -11.794026
1.414319, -11.335030
1.265484, -10.875815
1.116621, -10.416350
0.967728, -9.956601
0.818802, -9.496524
0.669844, -9.036067
0.520854, -8.575168
0.371832, -8.113750
0.222782, -7.651717
0.073712, -7.188948
-0.075367, -6.725290
-0.224433, -6.260545
-0.373449, -5.794457
-0.522353, -5.326683
-0.671042, -4.856758
-0.819338, -4.384049
-0.966935, -3.907664
-1.113285, -3.426339
-1.257394, -2.938258
-1.397408, -2.440830
-1.529834, -1.930495
-1.648191, -1.402949
-1.553313, -1.128548
-1.633178, -0.572652
-1.662769, 0.000000
-1.633178, 0.572652
-1.553313, 1.128548
-1.648191, 1.402949
-1.441002, 1.661901
-1.310894, 2.175490
-1.171618, 2.674343
-1.027648, 3.162774
-0.881237, 3.643875
-0.733533, 4.119749
-0.585136, 4.591821
-0.436371, 5.061065
-0.287417, 5.528164
-0.138373, 5.993601
0.010703, 6.457731
0.159779, 6.920814
0.308835, 7.383050
0.457863, 7.844588
0.606858, 8.305548
0.755817, 8.766022
0.904741, 9.226085
1.053631, 9.685797
1.202488, 10.145207
1.351314, 10.604355
1.500111, 11.063276
1.648882, 11.521996
2.203004, -11.618932
1.968881, -11.434767
1.820215, -10.976722
1.671525, -10.518536
1.522810, -10.060191
1.374068, -9.601663
1.225295, -9.142924
1.076490, -8.683937
0.927648, -8.224662
0.778768, -7.765045
0.629848, -7.305018
0.480885, -6.844498
0.331880, -6.383373
0.182837, -5.921501
0.033766, -5.458687
-0.115310, -4.994668
-0.264348, -4.529075
-0.413257, -4.061381
-0.561862, -3.590809
-0.709812, -3.116178
-0.856373, -2.635645
-0.999958, -2.146272
-1.137002, -1.643419
-1.259433, -1.120459
-1.164984, -0.846411
-1.237051, -0.287235
-1.237051, 0.287235
-1.164984, 0.846411
-1.259433, 1.120459
-1.049304, 1.376285
-0.914044, 1.882053
-0.770736, 2.372081
-0.624081, 2.852249
-0.475991, 3.326114
-0.327279, 3.795799
-0.178306, 4.262606
-0.029242, 4.727361
0.119834, 5.190611
0.268886, 5.652725
0.417898, 6.113964
0.566863, 6.574516
0.715781, 7.034519
0.864655, 7.494076
1.013486, 7.953266
1.162278, 8.412152
1.311036, 8.870783
1.459761, 9.329196
1.608457, 9.787424
1.757127, 10.245492
1.905774, 10.703421
2.054398, 11.161230
2.203004, 11.618932
2.522194, -11.527226
2.607334, -11.251818
2.373684, -11.069997
2.458861, -10.794758
2.225160, -10.612703
2.076620, -10.155336
1.928064, -9.697885
1.779488, -9.240337
1.630890, -8.782676
1.482268, -8.324883
1.333619, -7.866935
1.184938, -7.408800
1.036221, -6.950442
0.887463, -6.491811
0.738660, -6.032842
0.589805, -5.573449
0.440893, -5.113513
0.291922, -4.652868
0.142892, -4.191275
-0.006180, -3.728373
-0.155242, -3.263602
-0.304157, -2.796049
-0.452564, -2.324131
-0.599461, -1.844952
-0.741873, -1.352932
-0.870346, -0.837674
-0.776656, -0.564274
-0.831384, 0.000000
-0.776656, 0.564274
-0.870346, 0.837674
-0.655447, 1.087745
-0.513824, 1.581387
-0.366766, 2.059874
-0.218186, 2.530533
-0.069186, 2.996801
0.079889, 3.460407
0.228932, 3.922294
0.377909, 4.383011
0.526816, 4.842898
0.675657, 5.302178
0.824441, 5.760998
0.973174, 6.219464
1.121864, 6.677651
1.270516, 7.135614
1.419136, 7.593395
1.567727, 8.051027
1.716295, 8.508533
1.864841, 8.965934
2.013369, 9.423245
2.161880, 9.880479
2.310377, 10.337648
2.458861, 10.794758
2.373684, 11.069997
2.607334, 11.251818
2.522194, 11.527226
3.158669, -11.335485
2.925617, -11.156091
3.010302, -10.878846
2.777220, -10.699339
2.861932, -10.422195
2.628817, -10.242564
2.713558, -9.965531
2.480407, -9.785764
2.565180, -9.508851
2.331990, -9.328935
2.416797, -9.052154
2.183564, -8.872071
2.268409, -8.595436
2.035129, -8.415168
2.120014, -8.138694
1.886682, -7.958218
1.971612, -7.681923
1.738222, -7.501212
1.823202, -7.225118
1.589747, -7.044140
1.674780, -6.768272
1.441254, -6.586986
1.526347, -6.311376
1.292738, -6.129733
1.377898, -5.854417
1.144197, -5.672355
0.995623, -5.214819
0.847010, -4.757076
0.698349, -4.299059
0.549627, -3.840665
0.400829, -3.381736
0.251939, -2.922007
0.102945, -2.461017
-0.046124, -1.997867
-0.195045, -1.530607
-0.342549, -1.054258
-0.480334, -0.553967
-0.388328, 0.282137
-0.256912, 0.790694
-0.109093, 1.265266
0.039945, 1.730204
0.188954, 2.191505
0.337829, 2.651089
0.486587, 3.109732
0.635258, 3.567807
0.783864, 4.025513
0.932421, 4.482967
1.080940, 4.940240
1.229431, 5.397379
1.377898, 5.854417
1.292738, 6.129733
1.526347, 6.311376
1.441254, 6.586986
1.674780, 6.768272
1.589747, 7.044140
1.823202, 7.225118
1.738222, 7.501212
1.971612, 7.681923
1.886682, 7.958218
2.120014, 8.138694
2.035129, 8.415168
2.268409, 8.595436
2.183564, 8.872071
2.416797, 9.052154
2.331990, 9.328935
2.565180, 9.508851
2.480407, 9.785764
2.713558, 9.965531
2.628817, 10.242564
2.861932, 10.422195
2.777220, 10.699339
3.010302, 10.878846
2.925617, 11.156091
3.158669, 11.335485
3.708204, -11.412678
3.475792, -11.235465
3.559876, -10.956171
3.327459, -10.778943
3.411548, -10.499664
3.179126, -10.322420
3.263219, -10.043157
3.030792, -9.865896
3.114891, -9.586650
2.882458, -9.409370
2.966563, -9.130143
2.734123, -8.952841
2.818235, -8.673635
2.585788, -8.496311
2.669907, -8.217128
2.437452, -8.039778
2.521579, -7.760621
2.289115, -7.583242
2.373251, -7.304114
2.140776, -7.126702
2.224922, -6.847607
1.992437, -6.670157
2.076594, -6.391100
1.844095, -6.213607
1.928266, -5.934593
1.695752, -5.757050
1.779938, -5.478086
1.547406, -5.300484
1.631610, -5.021578
1.399057, -4.843908
1.483282, -4.565071
1.250703, -4.387316
1.334953, -4.108564
1.102344, -3.930704
1.186625, -3.652057
0.953977, -3.474065
1.038297, -3.195550
0.805599, -3.017385
0.889969, -2.739043
0.657204, -2.560641
0.741641, -2.282536
0.508782, -2.103792
0.593313, -1.826029
0.360313, -1.646747
0.444984, -1.369521
0.211753, -1.189269
0.296656, -0.913014
0.062985, -0.730502
0.148328, 0.456507
0.296656, 0.913014
0.211753, 1.189269
0.444984, 1.369521
0.360313, 1.646747
0.593313, 1.826029
0.508782, 2.103792
0.741641, 2.282536
0.657204, 2.560641
0.889969, 2.739043
0.805599, 3.017385
1.038297, 3.195550
0.953977, 3.474065
1.186625, 3.652057
1.102344, 3.930704
1.334953, 4.108564
1.250703, 4.387316
1.483282, 4.565071
1.399057, 4.843908
1.631610, 5.021578
1.547406, 5.300484
1.779938, 5.478086
1.695752, 5.757050
1.928266, 5.934593
1.844095, 6.213607
2.076594, 6.391100
1.992437, 6.670157
2.224922, 6.847607
2.140776, 7.126702
2.373251, 7.304114
2.289115, 7.583242
2.521579, 7.760621
2.437452, 8.039778
2.669907, 8.217128
2.585788, 8.496311
2.818235, 8.673635
2.734123, 8.952841
2.966563, 9.130143
2.882458, 9.409370
3.114891, 9.586650
3.030792, 9.865896
3.263219, 10.043157
3.179126, 10.322420
3.411548, 10.499664
3.327459, 10.778943
3.559876, 10.956171
3.475792, 11.235465
3.708204, 11.412678
4.107414, -11.027219
3.875687, -10.852016
3.959040, -10.570582
3.727338, -10.395449
3.810661, -10.113934
3.578987, -9.938876
3.662277, -9.657273
3.430633, -9.482297
3.513888, -9.200597
3.282278, -9.025711
3.365492, -8.743904
3.133919, -8.569116
3.217089, -8.287191
2.985556, -8.112512
3.068677, -7.830455
2.837190, -7.655897
2.920253, -7.373691
2.688818, -7.199268
2.771817, -6.916895
2.540441, -6.742623
2.623365, -6.460059
2.392056, -6.285958
2.474893, -6.003174
2.243662, -5.829269
2.326397, -5.546231
2.095256, -5.372551
2.177870, -5.089213
1.946836, -4.915794
2.029301, -4.632099
1.798395, -4.458988
1.880678, -4.174859
1.649929, -4.002116
1.731978, -3.717452
1.583170, -3.259812
1.434197, -2.801835
1.284962, -2.343347
1.135267, -1.884030
0.984672, -1.423243
0.831963, -0.959499
0.672604, -0.488675
0.480000, -0.000000
0.448403, 0.325784
0.605816, 0.794599
0.756845, 1.256020
0.906414, 1.715113
1.055447, 2.173208
1.204226, 2.630787
1.352867, 3.088066
1.501425, 3.545155
1.649929, 4.002116
1.880678, 4.174859
1.798395, 4.458988
2.029301, 4.632099
1.946836, 4.915794
2.177870, 5.089213
2.095256, 5.372551
2.326397, 5.546231
2.243662, 5.829269
2.474893, 6.003174
2.392056, 6.285958
2.623365, 6.460059
2.540441, 6.742623
2.771817, 6.916895
2.688818, 7.199268
2.920253, 7.373691
2.837190, 7.655897
3.068677, 7.830455
2.985556, 8.112512
3.217089, 8.287191
3.133919, 8.569116
3.365492, 8.743904
3.282278, 9.025711
3.513888, 9.200597
3.430633, 9.482297
3.662277, 9.657273
3.578987, 9.938876
3.810661, 10.113934
3.727338, 10.395449
3.959040, 10.570582
3.875687, 10.852016
4.107414, 11.027219
4.421761, -10.919049
4.504276, -10.635464
4.273298, -10.462185
4.355739, -10.178425
4.124822, -10.005291
4.207182, -9.721338
3.976332, -9.548360
4.058602, -9.264197
3.827824, -9.091390
3.909995, -8.806994
3.679297, -8.634372
3.761355, -8.349719
3.612678, -7.892361
3.463957, -7.434904
3.315181, -6.977333
3.166340, -6.519624
3.017418, -6.061748
2.868395, -5.603669
2.719243, -5.145339
2.569924, -4.686693
2.420381, -4.227642
2.270535, -3.768060
2.120257, -3.307765
1.969344, -2.846486
1.817448, -2.383796
1.663926, -1.918998
1.507484, -1.450894
1.345208, -0.977351
1.169628, -0.494742
0.960000, -0.000000
0.942916, 0.330621
1.121007, 0.814459
1.282590, 1.287386
1.437993, 1.754360
1.590609, 2.218009
1.741778, 2.679666
1.892112, 3.140050
2.041926, 3.599575
2.191395, 4.058496
2.340626, 4.516976
2.489685, 4.975125
2.638617, 5.433020
2.787451, 5.890715
2.936209, 6.348250
3.084908, 6.805655
3.233558, 7.262954
3.382168, 7.720164
3.530746, 8.177300
3.679297, 8.634372
3.909995, 8.806994
3.827824, 9.091390
4.058602, 9.264197
3.976332, 9.548360
4.207182, 9.721338
4.124822, 10.005291
4.355739, 10.178425
4.273298, 10.462185
4.504276, 10.635464
4.421761, 10.919049
5.047169, -10.694806
4.898363, -10.237170
4.749510, -9.779435
4.600603, -9.321591
4.451634, -8.863620
4.302592, -8.405504
4.153465, -7.947221
4.004236, -7.488744
3.854885, -7.030040
3.705387, -6.571066
3.555707, -6.111771
3.405802, -5.652089
3.255612, -5.191935
3.105055, -4.731198
2.954017, -4.269729
2.802331, -3.807327
2.649750, -3.343715
2.495888, -2.878496
2.340125, -2.411102
2.181402, -1.940692
2.017812, -1.466026
1.845720, -0.985352
1.657865, -0.496673
1.440000, -0.000000
1.428424, 0.331671
1.620719, 0.821992
1.793611, 1.303135
1.956851, 1.777507
2.114926, 2.247284
2.270017, 2.713931
2.423264, 3.178394
2.575308, 3.641290
2.726530, 4.103028
2.877168, 4.563891
3.027380, 5.024079
3.177270, 5.483736
3.326913, 5.942966
3.476362, 6.401852
3.625657, 6.860452
3.774827, 7.318817
3.923894, 7.776982
4.072876, 8.234979
4.221787, 8.692831
4.370637, 9.150559
4.519435, 9.608179
4.668189, 10.065705
4.816904, 10.523147
5.358097, -10.578828
5.438486, -10.290679
5.289215, -9.832121
5.139847, -9.373386
4.990370, -8.914450
4.840763, -8.455283
4.691005, -7.995853
4.541069, -7.536119
4.390920, -7.076031
4.240514, -6.615530
4.089794, -6.154542
3.938689, -5.692972
3.787100, -5.230705
3.634896, -4.767592
3.481898, -4.303439
3.327851, -3.837995
3.172390, -3.370926
3.014968, -2.901787
2.854751, -2.429979
2.690416, -1.954702
2.519798, -1.474930
2.339256, -0.989484
2.142636, -0.497506
1.920000, -0.000000
1.911267, 0.332052
2.112859, 0.825485
2.295210, 1.311796
2.466215, 1.791810
2.630340, 2.266917
2.790121, 2.738325
2.947043, 3.206952
3.102009, 3.673464
3.255592, 4.138347
3.408168, 4.601955
3.559992, 5.064549
3.711240, 5.526328
3.862041, 5.987440
4.012487, 6.448004
4.162647, 6.908109
4.312574, 7.367829
4.462310, 7.827221
4.611886, 8.286333
4.761327, 8.745203
4.910653, 9.203862
5.059882, 9.662339
5.209026, 10.120654
5.358097, 10.578828
5.976099, -10.339431
5.826292, -9.879915
5.676337, -9.420149
5.526211, -8.960100
5.375888, -8.499731
5.225334, -8.038998
5.074509, -7.577847
4.923361, -7.116215
4.771827, -6.654026
4.619827, -6.191187
4.467255, -5.727585
4.313978, -5.263079
4.159814, -4.797494
4.004522, -4.330612
3.847771, -3.862157
3.689096, -3.391780
3.527835, -2.919038
3.363020, -2.443377
3.193214, -1.964125
3.016233, -1.480520
2.828747, -0.991862
2.625730, -0.497937
2.400000, -0.000000
2.392994, 0.332231
2.600977, 0.827357
2.790843, 1.316966
2.968786, 1.801086
3.138819, 2.280486
3.303494, 2.756035
3.464444, 3.228502
3.622737, 3.698510
3.779089, 4.166544
3.933989, 4.632983
4.087781, 5.098122
4.240712, 5.562190
4.392964, 6.025369
4.544671, 6.487802
4.695935, 6.949604
4.846836, 7.410869
4.997436, 7.871673
5.147782, 8.332079
5.297914, 8.792139
5.447864, 9.251896
5.597657, 9.711387
5.747314, 10.170643
6.283067, -10.216138
6.360771, -9.923296
6.210110, -9.462396
6.059210, -9.001132
5.908033, -8.539458
5.756535, -8.077320
5.604662, -7.614655
5.452344, -7.151388
5.299499, -6.687429
5.146021, -6.222674
4.991777, -5.756993
4.836595, -5.290232
4.680251, -4.822204
4.522452, -4.352681
4.362804, -3.881384
4.200773, -3.407977
4.035625, -2.932053
3.866331, -2.453138
3.691440, -1.970703
3.508885, -1.484227
3.315730, -0.993345
3.107895, -0.498188
2.880000, -0.000000
2.874153, 0.332329
3.086753, 0.828467
3.282576, 1.320263
3.466497, 1.807374
3.641981, 2.290148
3.811423, 2.769161
3.976472, 3.245007
4.138270, 3.718215
4.297619, 4.189233
4.455092, 4.658428
4.611104, 5.126101
4.765963, 5.592495
4.919897, 6.057806
5.073081, 6.522196
5.225651, 6.985798
5.377712, 7.448719
5.529347, 7.911051
5.680622, 8.372869
5.831592, 8.834237
5.982299, 9.295208
6.132781, 9.755829
6.283067, 10.216138
6.665305, -9.796127
6.741233, -9.500599
6.589445, -9.038053
6.437296, -8.575011
6.284727, -8.111412
6.131671, -7.647183
5.978043, -7.182242
5.823740, -6.716491
5.668633, -6.249816
5.512564, -5.782079
5.355328, -5.313122
5.196666, -4.842754
5.036244, -4.370749
4.873624, -3.896844
4.708229, -3.420728
4.539289, -2.942050
4.365768, -2.460421
4.186264, -1.975448
3.998879, -1.486797
3.801067, -0.994328
3.589492, -0.498347
3.360000, -0.000000
3.354984, 0.332389
3.571059, 0.829177
3.771663, 1.322483
3.960679, 1.811801
4.141060, 2.297220
4.314982, 2.779088
4.484027, 3.257837
4.649348, 3.733894
4.811787, 4.207648
4.971970, 4.679436
5.130362, 5.149543
5.287316, 5.618211
5.443103, 6.085641
5.597933, 6.552003
5.751970, 7.017438
5.905345, 7.482066
6.058160, 7.945986
6.210501, 8.409285
6.362436, 8.872035
6.514022, 9.334298
6.665305, 9.796127
7.269792, -9.535183
7.117020, -9.071319
6.963796, -8.606878
6.810051, -8.141794
6.655703, -7.675990
6.500652, -7.209377
6.344779, -6.741853
6.187935, -6.273298
6.029936, -5.803574
5.870554, -5.332522
5.709502, -4.859957
5.546417, -4.385665
5.380833, -3.909404
5.212151, -3.430901
5.039596, -2.949859
4.862156, -2.465976
4.678513, -1.978969
4.486951, -1.488646
4.285271, -0.995012
4.070718, -0.498453
3.840000, -0.000000
3.835608, 0.332427
4.054389, 0.829657
4.258886, 1.324043
4.452246, 1.815023
4.636979, 2.302526
4.815028, 2.786737
4.987872, 3.267956
5.156631, 3.746512
5.322158, 4.222729
5.485099, 4.696902
5.645955, 5.169294
5.805110, 5.640133
5.962867, 6.109616
6.119465, 6.577914
6.275093, 7.045170
6.429902, 7.511508
6.584017, 7.977037
6.737538, 8.441847
6.890549, 8.906017
7.043117, 9.369616
7.642049, -9.101335
7.487665, -8.635489
7.332658, -8.168924
7.176933, -7.701561
7.020376, -7.233306
6.862853, -6.764056
6.704196, -6.293691
6.544206, -5.822076
6.382633, -5.349056
6.219171, -4.874455
6.053437, -4.398079
5.884953, -3.919711
5.713115, -3.439117
5.537160, -2.956055
5.356122, -2.470295
5.168779, -1.981646
4.973595, -1.490018
4.768665, -0.995506
4.551689, -0.498528
4.316095, -0.332454
4.320000, -0.000000
4.316095, 0.332454
4.551689, 0.498528
4.537037, 0.829997
4.744755, 1.325179
4.941836, 1.817433
5.130421, 2.306594
5.312234, 2.792735
5.488635, 3.276047
5.660691, 3.756778
5.829236, 4.235188
5.994923, 4.711528
6.158268, 5.186033
6.319677, 5.658911
6.479476, 6.130350
6.637923, 6.600513
6.795230, 7.069543
6.951568, 7.537566
7.107075, 8.004691
7.261869, 8.471012
7.416046, 8.936614
7.939054, -8.964208
8.009045, -8.661224
7.852709, -8.193202
7.695542, -7.724314
7.537420, -7.254468
7.378192, -6.783559
7.217681, -6.311472
7.055670, -5.838076
6.891896, -5.363224
6.726041, -4.886755
6.557712, -4.408493
6.386427, -3.928250
6.211591, -3.445830
6.032466, -2.961040
5.848141, -2.473711
5.657494, -1.983725
5.459151, -1.491062
5.251460, -0.995875
5.032476, -0.498583
4.796484, -0.332473
4.800000, -0.000000
4.796484, 0.332473
5.032476, 0.498583
5.019192, 0.830246
5.229612, 1.326030
5.429901, 1.819278
5.621898, 2.309775
5.807128, 2.797511
5.986831, 3.282599
6.162008, 3.765217
6.333463, 4.245568
6.501840, 4.723863
6.667657, 5.200303
6.831333, 5.675076
6.993206, 6.148355
7.153552, 6.620294
7.312598, 7.091030
7.470529, 7.560687
7.627500, 8.029374
7.783639, 8.497186
7.939054, 8.964208
8.302995, -8.520720
8.370363, -8.214975
8.211710, -7.744613
8.051982, -7.273238
7.891020, -6.800750
7.728635, -6.327037
7.564601, -5.851975
7.398645, -5.375430
7.230442, -4.897256
7.059596, -4.417295
6.885631, -3.935389
6.707967, -3.451374
6.525899, -2.965103
6.338578, -2.476456
6.144974, -1.985369
5.943863, -1.491874
5.733801, -0.996157
5.513127, -0.498624
5.276803, -0.332487
5.280000, -0.000000
5.276803, 0.332487
5.513127, 0.498624
5.500980, 0.830433
5.713695, 1.326683
5.916770, 1.820722
6.111796, 2.312304
6.300122, 2.801368
6.482875, 3.287968
6.660986, 3.772222
6.835220, 4.254289
7.006201, 4.734337
7.174444, 5.212538
7.340368, 5.689060
7.504320, 6.164055
7.666587, 6.637669
7.827405, 7.110030
7.986973, 7.581257
8.145457, 8.051455
8.302995, 8.520720
8.661110, -8.071256
8.725608, -7.762768
8.564254, -7.289936
8.401546, -6.815953
8.237289, -6.340715
8.071249, -5.864106
7.903149, -5.386003
7.732662, -4.906276
7.559394, -4.424789
7.382880, -3.941407
7.202560, -3.455999
7.017769, -2.968453
6.827715, -2.478691
6.631460, -1.986690
6.427907, -1.492519
6.215789, -0.996377
5.993675, -0.498656
5.757069, -0.332497
5.760000, -0.000000
5.757069, 0.332497
5.993675, 0.498656
5.982486, 0.830578
6.197173, 1.327196
6.402686, 1.821870
6.600409, 2.314345
6.791542, 2.804524
6.977106, 3.292414
7.157963, 3.778091
7.334832, 4.261671
7.508316, 4.743289
7.678916, 5.223089
7.847048, 5.701214
8.013061, 6.177803
8.177248, 6.652985
8.339853, 7.126883
8.501082, 7.599606
8.661110, 8.071256
9.013027, -7.616018
9.074414, -7.304834
8.909966, -6.829445
8.743853, -6.352781
8.575840, -5.874739
8.405649, -5.395207
8.232953, -4.914070
8.057367, -4.431212
7.878438, -3.946520
7.695632, -3.459892
7.508322, -2.971245
7.315774, -2.480534
7.117133, -1.987768
6.911414, -1.493037
6.697498, -0.996552
6.474142, -0.498680
6.237294, -0.332506
6.240000, -0.000000
6.237294, 0.332506
6.474142, 0.498680
6.463772, 0.830692
6.680170, 1.327605
6.887830, 1.822798
7.087967, 2.316015
7.281648, 2.807135
7.469800, 3.296132
7.653218, 3.783049
7.832578, 4.267965
8.008453, 4.750988
8.181327, 5.232235
8.351612, 5.711828
8.519652, 6.189889
8.685741, 6.666536
8.850129, 7.141877
9.013027, 7.616018
9.358411, -7.155260
9.416457, -6.841457
9.248519, -6.363466
9.078577, -5.884100
8.906357, -5.403259
8.731535, -4.920843
8.553738, -4.436753
8.372528, -3.950897
8.187397, -3.463196
7.997758, -2.973594
7.802931, -2.482070
7.602134, -1.988657
7.394483, -1.493461
7.178983, -0.996694
6.954545, -0.498700
6.717487, -0.332512
6.720000, -0.000000
6.717487, 0.332512
6.954545, 0.498700
6.944883, 0.830784
7.162778, 1.327936
7.372342, 1.823559
7.574646, 2.317398
7.770646, 2.809318
7.961182, 3.299271
8.146986, 3.787270
8.328692, 4.273370
8.506843, 4.757649
8.681904, 5.240205
8.854274, 5.721140
9.024294, 6.200558
9.192256, 6.678565
9.358411, 7.155260
9.696965, -6.689281
9.751459, -6.372963
9.579641, -5.892375
9.405459, -5.410336
9.228600, -4.926758
9.048698, -4.441560
8.865337, -3.954668
8.678035, -3.466022
8.486241, -2.975587
8.289325, -2.483363
8.086575, -1.989399
7.877190, -1.493812
7.660285, -0.996810
7.434896, -0.498717
7.197655, -0.332518
7.200000, -0.000000
7.197655, 0.332518
7.434896, 0.498717
7.425852, 0.830859
7.645068, 1.328209
7.856331, 1.824189
8.060590, 2.318554
8.258703, 2.811160
8.451437, 3.301941
8.639465, 3.790891
8.823377, 4.278039
9.003688, 4.763445
9.180842, 5.247185
9.355224, 5.729344
9.527169, 6.210012
9.696965, 6.689281
10.028443, -6.218419
10.079192, -5.899719
9.903122, -5.416583
9.724313, -4.931951
9.542414, -4.445756
9.357026, -3.957938
9.167694, -3.468456
8.973903, -2.977292
8.775070, -2.484461
8.570543, -1.990025
8.359596, -1.494106
8.141436, -0.996907
7.915205, -0.498730
7.677801, -0.332522
7.680000, -0.000000
7.677801, 0.332522
7.915205, 0.498730
7.906704, 0.830920
8.127094, 1.328435
8.339880, 1.824718
8.545910, 2.319531
8.745957, 2.812728
8.940719, 3.304231
9.130818, 3.794016
9.316804, 4.282098
9.499162, 4.768515
9.678314, 5.253326
9.854633, 5.736602
10.028443, 6.218419
10.352651, -5.743050
10.399490, -5.422121
10.218819, -4.936532
10.035025, -4.449436
9.847728, -3.960790
9.656499, -3.470567
9.460855, -2.978761
9.260258, -2.485401
9.054109, -1.990557
8.841748, -1.494354
8.622460, -0.996988
8.395478, -0.498741
8.157930, -0.332526
8.160000, -0.000000
8.157930, 0.332526
8.395478, 0.498741
8.387460, 0.830971
8.608900, 1.328626
8.823059, 1.825165
9.030699, 2.320363
9.232518, 2.814072
9.429156, 3.306208
9.621186, 3.796732
9.809121, 4.285645
9.993415, 4.772971
10.174474, 5.258753
10.352651, 5.743050
10.669453, -5.263570
10.712244, -4.940589
10.526654, -4.452680
10.337559, -3.963292
10.144554, -3.472408
9.947190, -2.980036
9.744965, -2.486212
9.537330, -1.991013
9.323684, -1.494565
9.103377, -0.997056
8.875722, -0.498751
8.638045, -0.332529
8.640000, -0.000000
8.638045, 0.332529
8.875722, 0.498751
8.868135, 0.831015
9.090518, 1.328787
9.305922, 1.825546
9.515030, 2.321077
9.718480, 2.815234
9.916856, 3.307926
10.110687, 3.799106
10.300453, 4.288761
10.486581, 4.776906
10.669453, 5.263570
10.978771, -4.780397
11.017406, -4.455553
10.826617, -3.965497
10.631950, -3.474023
10.432984, -2.981148
10.229255, -2.486916
10.020254, -1.991407
9.805434, -1.494747
9.584204, -0.997115
9.348741, -0.831051
9.355941, -0.498759
9.118148, -0.332531
9.120000, -0.000000
9.118148, 0.332531
9.355941, 0.498759
9.348741, 0.831051
9.584204, 0.997115
9.571978, 1.328925
9.788513, 1.825875
9.998966, 2.321695
10.203919, 2.816244
10.403908, 3.309427
10.599422, 3.801191
10.790909, 4.291513
10.978771, 4.780397
11.314988, -3.967449
11.118762, -3.475447
10.918303, -2.982124
10.713178, -2.487531
10.502920, -1.991750
10.287024, -1.494904
10.064952, -0.997166
9.829288, -0.831083
9.836139, -0.498765
9.598241, -0.332533
9.600000, -0.000000
9.598241, 0.332533
9.836139, 0.498765
9.829288, 0.831083
10.064952, 0.997166
10.053300, 1.329044
10.270869, 1.826159
10.482558, 2.322233
10.688900, 2.817128
10.890388, 3.310746
11.087477, 3.803031
11.376363, -3.311912
11.403201, -2.982985
11.196781, -2.488071
10.985360, -1.992049
10.768475, -1.495041
10.545633, -0.997210
10.309784, -0.831110
10.316318, -0.498771
10.078324, -0.332535
10.080000, -0.000000
10.078324, 0.332535
10.316318, 0.498771
10.309784, 0.831110
10.545633, 0.997210
10.534504, 1.329147
10.753020, 1.826407
10.965849, 2.322704
11.173478, 2.817905
11.376363, 3.311912
11.657699, -2.818592
11.680100, -2.488548
11.467602, -1.992313
11.249804, -1.495161
11.026255, -0.997248
10.790237, -0.831134
10.796482, -0.498776
10.558400, -0.332537
10.560000, -0.000000
10.558400, 0.332537
10.796482, 0.498776
10.790237, 0.831134
11.026255, 0.997248
11.015604, 1.329238
11.234992, 1.826624
11.448874, 2.323119
11.657699, 2.818592
11.716806, -1.826816
11.731026, -1.495266
11.506825, -0.997281
11.270651, -0.831155
11.276631, -0.498781
11.038470, -0.332538
11.040000, -0.000000
11.038470, 0.332538
11.276631, 0.498781
11.270651, 0.831155
11.506825, 0.997281
11.496613, 1.329317
11.716806, 1.826816
11.751032, -0.831173
11.756769, -0.498785
11.518534, -0.332540
11.520000, -0.000000
11.518534, 0.332540
11.756769, 0.498785
11.751032, 0.831173
12.000000, -0.000000
